(kicad_pcb (version 20171130) (host pcbnew 5.1.5+dfsg1-2build2)

  (general
    (thickness 1.6)
    (drawings 9)
    (tracks 1105)
    (zones 0)
    (modules 135)
    (nets 116)
  )

  (page A4)
  (layers
    (0 F.Cu signal)
    (31 B.Cu signal hide)
    (32 B.Adhes user hide)
    (33 F.Adhes user hide)
    (34 B.Paste user hide)
    (35 F.Paste user hide)
    (36 B.SilkS user hide)
    (37 F.SilkS user)
    (38 B.Mask user hide)
    (39 F.Mask user hide)
    (40 Dwgs.User user hide)
    (41 Cmts.User user hide)
    (42 Eco1.User user hide)
    (43 Eco2.User user hide)
    (44 Edge.Cuts user)
    (45 Margin user hide)
    (46 B.CrtYd user hide)
    (47 F.CrtYd user hide)
    (48 B.Fab user hide)
    (49 F.Fab user hide)
  )

  (setup
    (last_trace_width 0.25)
    (user_trace_width 0.3)
    (user_trace_width 0.6)
    (user_trace_width 1)
    (user_trace_width 1.5)
    (trace_clearance 0.2)
    (zone_clearance 0.508)
    (zone_45_only no)
    (trace_min 0.2)
    (via_size 0.8)
    (via_drill 0.4)
    (via_min_size 0.4)
    (via_min_drill 0.3)
    (uvia_size 0.3)
    (uvia_drill 0.1)
    (uvias_allowed no)
    (uvia_min_size 0.2)
    (uvia_min_drill 0.1)
    (edge_width 0.15)
    (segment_width 0.2)
    (pcb_text_width 0.3)
    (pcb_text_size 1.5 1.5)
    (mod_edge_width 0.15)
    (mod_text_size 1 1)
    (mod_text_width 0.15)
    (pad_size 1.524 1.524)
    (pad_drill 0.762)
    (pad_to_mask_clearance 0.051)
    (solder_mask_min_width 0.25)
    (aux_axis_origin 0 0)
    (grid_origin 45 15)
    (visible_elements 7FFDFF7F)
    (pcbplotparams
      (layerselection 0x010fc_ffffffff)
      (usegerberextensions false)
      (usegerberattributes false)
      (usegerberadvancedattributes false)
      (creategerberjobfile false)
      (excludeedgelayer true)
      (linewidth 0.100000)
      (plotframeref false)
      (viasonmask false)
      (mode 1)
      (useauxorigin false)
      (hpglpennumber 1)
      (hpglpenspeed 20)
      (hpglpendiameter 15.000000)
      (psnegative false)
      (psa4output false)
      (plotreference true)
      (plotvalue true)
      (plotinvisibletext false)
      (padsonsilk false)
      (subtractmaskfromsilk false)
      (outputformat 1)
      (mirror false)
      (drillshape 0)
      (scaleselection 1)
      (outputdirectory "GERBER/"))
  )

  (net 0 "")
  (net 1 GND)
  (net 2 +3V3)
  (net 3 "Net-(C9-Pad1)")
  (net 4 "Net-(C10-Pad1)")
  (net 5 "Net-(R1-Pad1)")
  (net 6 "Net-(U1-Pad29)")
  (net 7 "Net-(U1-Pad30)")
  (net 8 "Net-(U1-Pad33)")
  (net 9 "Net-(U1-Pad34)")
  (net 10 "Net-(U1-Pad35)")
  (net 11 "Net-(U1-Pad36)")
  (net 12 "Net-(U1-Pad50)")
  (net 13 "Net-(U1-Pad52)")
  (net 14 +3.3VA)
  (net 15 /NRST)
  (net 16 +5V)
  (net 17 /RS485_B)
  (net 18 /RS485_A)
  (net 19 /USART2_TX)
  (net 20 /USART2_RX)
  (net 21 /USART2_DE)
  (net 22 /USART1_TX)
  (net 23 /USART1_RX)
  (net 24 /ADC_IN0)
  (net 25 /ADC_IN1)
  (net 26 /ADC_IN5)
  (net 27 /ADC_IN6)
  (net 28 /ADC_IN7)
  (net 29 /ADC_IN8)
  (net 30 /ADC_IN9)
  (net 31 "Net-(C14-Pad1)")
  (net 32 "Net-(C19-Pad1)")
  (net 33 "Net-(C20-Pad1)")
  (net 34 "Net-(C22-Pad1)")
  (net 35 "Net-(C25-Pad1)")
  (net 36 "Net-(C26-Pad1)")
  (net 37 "Net-(C29-Pad1)")
  (net 38 "Net-(C30-Pad1)")
  (net 39 /Analog/AIN_0)
  (net 40 /Analog/AIN_1)
  (net 41 /Analog/AIN_2)
  (net 42 /Analog/AIN_3)
  (net 43 /Analog/AIN_5)
  (net 44 /Analog/AIN_4)
  (net 45 /Analog/AIN_6)
  (net 46 /Analog/AIN_7)
  (net 47 /Input/DIN_7)
  (net 48 /Input/DIN_6)
  (net 49 /Input/DIN_5)
  (net 50 /Input/DIN_4)
  (net 51 /Input/DIN_3)
  (net 52 /Input/DIN_2)
  (net 53 /Input/DIN_1)
  (net 54 /Input/DIN_0)
  (net 55 /Output/DOT_0)
  (net 56 /Output/DOT_1)
  (net 57 /Output/DOT_2)
  (net 58 /Output/DOT_3)
  (net 59 /Output/DOT_4)
  (net 60 /Output/DOT_5)
  (net 61 /Output/DOT_6)
  (net 62 /Output/DOT_7)
  (net 63 /IN_0)
  (net 64 /IN_4)
  (net 65 /IN_1)
  (net 66 /IN_5)
  (net 67 /IN_6)
  (net 68 /IN_2)
  (net 69 /IN_7)
  (net 70 /IN_3)
  (net 71 /OUT_4)
  (net 72 /OUT_5)
  (net 73 /OUT_6)
  (net 74 /OUT_7)
  (net 75 /ADC_IN10)
  (net 76 /BOOT0)
  (net 77 /SPI1_MOSI)
  (net 78 /SPI1_MISO)
  (net 79 /SPI1_SCK)
  (net 80 /SPI1_CS)
  (net 81 /I2C1_SCL)
  (net 82 /I2C1_SDA)
  (net 83 "Net-(J7-Pad3)")
  (net 84 /TIM3_CH1)
  (net 85 /TIM3_CH2)
  (net 86 /TIM3_CH3)
  (net 87 /TIM3_CH4)
  (net 88 "Net-(U1-Pad41)")
  (net 89 /SWDIO)
  (net 90 /SWCLK)
  (net 91 "Net-(J5-Pad4)")
  (net 92 "Net-(Q1-Pad1)")
  (net 93 "Net-(Q2-Pad1)")
  (net 94 "Net-(Q3-Pad1)")
  (net 95 "Net-(Q4-Pad1)")
  (net 96 "Net-(Q5-Pad1)")
  (net 97 "Net-(Q6-Pad1)")
  (net 98 "Net-(Q7-Pad1)")
  (net 99 "Net-(Q8-Pad1)")
  (net 100 "Net-(R31-Pad2)")
  (net 101 "Net-(R32-Pad2)")
  (net 102 "Net-(R35-Pad2)")
  (net 103 "Net-(R36-Pad2)")
  (net 104 "Net-(R55-Pad2)")
  (net 105 "Net-(R56-Pad2)")
  (net 106 "Net-(R59-Pad2)")
  (net 107 "Net-(R60-Pad2)")
  (net 108 VBUS)
  (net 109 /USB_CONN_DM)
  (net 110 /USB_CONN_DP)
  (net 111 +12V)
  (net 112 "Net-(C32-Pad1)")
  (net 113 /USB_N)
  (net 114 /USB_P)
  (net 115 "Net-(U1-Pad28)")

  (net_class Default "This is the default net class."
    (clearance 0.2)
    (trace_width 0.25)
    (via_dia 0.8)
    (via_drill 0.4)
    (uvia_dia 0.3)
    (uvia_drill 0.1)
    (add_net +12V)
    (add_net +3.3VA)
    (add_net +3V3)
    (add_net +5V)
    (add_net /ADC_IN0)
    (add_net /ADC_IN1)
    (add_net /ADC_IN10)
    (add_net /ADC_IN5)
    (add_net /ADC_IN6)
    (add_net /ADC_IN7)
    (add_net /ADC_IN8)
    (add_net /ADC_IN9)
    (add_net /Analog/AIN_0)
    (add_net /Analog/AIN_1)
    (add_net /Analog/AIN_2)
    (add_net /Analog/AIN_3)
    (add_net /Analog/AIN_4)
    (add_net /Analog/AIN_5)
    (add_net /Analog/AIN_6)
    (add_net /Analog/AIN_7)
    (add_net /BOOT0)
    (add_net /I2C1_SCL)
    (add_net /I2C1_SDA)
    (add_net /IN_0)
    (add_net /IN_1)
    (add_net /IN_2)
    (add_net /IN_3)
    (add_net /IN_4)
    (add_net /IN_5)
    (add_net /IN_6)
    (add_net /IN_7)
    (add_net /Input/DIN_0)
    (add_net /Input/DIN_1)
    (add_net /Input/DIN_2)
    (add_net /Input/DIN_3)
    (add_net /Input/DIN_4)
    (add_net /Input/DIN_5)
    (add_net /Input/DIN_6)
    (add_net /Input/DIN_7)
    (add_net /NRST)
    (add_net /OUT_4)
    (add_net /OUT_5)
    (add_net /OUT_6)
    (add_net /OUT_7)
    (add_net /Output/DOT_0)
    (add_net /Output/DOT_1)
    (add_net /Output/DOT_2)
    (add_net /Output/DOT_3)
    (add_net /Output/DOT_4)
    (add_net /Output/DOT_5)
    (add_net /Output/DOT_6)
    (add_net /Output/DOT_7)
    (add_net /RS485_A)
    (add_net /RS485_B)
    (add_net /SPI1_CS)
    (add_net /SPI1_MISO)
    (add_net /SPI1_MOSI)
    (add_net /SPI1_SCK)
    (add_net /SWCLK)
    (add_net /SWDIO)
    (add_net /TIM3_CH1)
    (add_net /TIM3_CH2)
    (add_net /TIM3_CH3)
    (add_net /TIM3_CH4)
    (add_net /USART1_RX)
    (add_net /USART1_TX)
    (add_net /USART2_DE)
    (add_net /USART2_RX)
    (add_net /USART2_TX)
    (add_net /USB_CONN_DM)
    (add_net /USB_CONN_DP)
    (add_net /USB_N)
    (add_net /USB_P)
    (add_net GND)
    (add_net "Net-(C10-Pad1)")
    (add_net "Net-(C14-Pad1)")
    (add_net "Net-(C19-Pad1)")
    (add_net "Net-(C20-Pad1)")
    (add_net "Net-(C22-Pad1)")
    (add_net "Net-(C25-Pad1)")
    (add_net "Net-(C26-Pad1)")
    (add_net "Net-(C29-Pad1)")
    (add_net "Net-(C30-Pad1)")
    (add_net "Net-(C32-Pad1)")
    (add_net "Net-(C9-Pad1)")
    (add_net "Net-(J5-Pad4)")
    (add_net "Net-(J7-Pad3)")
    (add_net "Net-(Q1-Pad1)")
    (add_net "Net-(Q2-Pad1)")
    (add_net "Net-(Q3-Pad1)")
    (add_net "Net-(Q4-Pad1)")
    (add_net "Net-(Q5-Pad1)")
    (add_net "Net-(Q6-Pad1)")
    (add_net "Net-(Q7-Pad1)")
    (add_net "Net-(Q8-Pad1)")
    (add_net "Net-(R1-Pad1)")
    (add_net "Net-(R31-Pad2)")
    (add_net "Net-(R32-Pad2)")
    (add_net "Net-(R35-Pad2)")
    (add_net "Net-(R36-Pad2)")
    (add_net "Net-(R55-Pad2)")
    (add_net "Net-(R56-Pad2)")
    (add_net "Net-(R59-Pad2)")
    (add_net "Net-(R60-Pad2)")
    (add_net "Net-(U1-Pad28)")
    (add_net "Net-(U1-Pad29)")
    (add_net "Net-(U1-Pad30)")
    (add_net "Net-(U1-Pad33)")
    (add_net "Net-(U1-Pad34)")
    (add_net "Net-(U1-Pad35)")
    (add_net "Net-(U1-Pad36)")
    (add_net "Net-(U1-Pad41)")
    (add_net "Net-(U1-Pad50)")
    (add_net "Net-(U1-Pad52)")
    (add_net VBUS)
  )

  (module Connector_PinSocket_2.54mm:PinSocket_1x05_P2.54mm_Vertical (layer F.Cu) (tedit 5A19A420) (tstamp 5F89050B)
    (at 67.86 17.54 270)
    (descr "Through hole straight socket strip, 1x05, 2.54mm pitch, single row (from Kicad 4.0.7), script generated")
    (tags "Through hole socket strip THT 1x05 2.54mm single row")
    (path /5FBE6DBA)
    (fp_text reference J7 (at 0 -2.77) (layer F.SilkS)
      (effects (font (size 1 1) (thickness 0.15)))
    )
    (fp_text value Conn_01x05 (at 0 12.93 270) (layer F.Fab)
      (effects (font (size 1 1) (thickness 0.15)))
    )
    (fp_line (start -1.27 -1.27) (end 0.635 -1.27) (layer F.Fab) (width 0.1))
    (fp_line (start 0.635 -1.27) (end 1.27 -0.635) (layer F.Fab) (width 0.1))
    (fp_line (start 1.27 -0.635) (end 1.27 11.43) (layer F.Fab) (width 0.1))
    (fp_line (start 1.27 11.43) (end -1.27 11.43) (layer F.Fab) (width 0.1))
    (fp_line (start -1.27 11.43) (end -1.27 -1.27) (layer F.Fab) (width 0.1))
    (fp_line (start -1.33 1.27) (end 1.33 1.27) (layer F.SilkS) (width 0.12))
    (fp_line (start -1.33 1.27) (end -1.33 11.49) (layer F.SilkS) (width 0.12))
    (fp_line (start -1.33 11.49) (end 1.33 11.49) (layer F.SilkS) (width 0.12))
    (fp_line (start 1.33 1.27) (end 1.33 11.49) (layer F.SilkS) (width 0.12))
    (fp_line (start 1.33 -1.33) (end 1.33 0) (layer F.SilkS) (width 0.12))
    (fp_line (start 0 -1.33) (end 1.33 -1.33) (layer F.SilkS) (width 0.12))
    (fp_line (start -1.8 -1.8) (end 1.75 -1.8) (layer F.CrtYd) (width 0.05))
    (fp_line (start 1.75 -1.8) (end 1.75 11.9) (layer F.CrtYd) (width 0.05))
    (fp_line (start 1.75 11.9) (end -1.8 11.9) (layer F.CrtYd) (width 0.05))
    (fp_line (start -1.8 11.9) (end -1.8 -1.8) (layer F.CrtYd) (width 0.05))
    (fp_text user %R (at 0 5.08) (layer F.Fab)
      (effects (font (size 1 1) (thickness 0.15)))
    )
    (pad 1 thru_hole rect (at 0 0 270) (size 1.7 1.7) (drill 1) (layers *.Cu *.Mask)
      (net 81 /I2C1_SCL))
    (pad 2 thru_hole oval (at 0 2.54 270) (size 1.7 1.7) (drill 1) (layers *.Cu *.Mask)
      (net 82 /I2C1_SDA))
    (pad 3 thru_hole oval (at 0 5.08 270) (size 1.7 1.7) (drill 1) (layers *.Cu *.Mask)
      (net 83 "Net-(J7-Pad3)"))
    (pad 4 thru_hole oval (at 0 7.62 270) (size 1.7 1.7) (drill 1) (layers *.Cu *.Mask)
      (net 2 +3V3))
    (pad 5 thru_hole oval (at 0 10.16 270) (size 1.7 1.7) (drill 1) (layers *.Cu *.Mask)
      (net 1 GND))
    (model ${KISYS3DMOD}/Connector_PinSocket_2.54mm.3dshapes/PinSocket_1x05_P2.54mm_Vertical.wrl
      (at (xyz 0 0 0))
      (scale (xyz 1 1 1))
      (rotate (xyz 0 0 0))
    )
  )

  (module Capacitor_SMD:C_0603_1608Metric_Pad1.05x0.95mm_HandSolder (layer F.Cu) (tedit 5B301BBE) (tstamp 5F92E756)
    (at 68.75 28.5 90)
    (descr "Capacitor SMD 0603 (1608 Metric), square (rectangular) end terminal, IPC_7351 nominal with elongated pad for handsoldering. (Body size source: http://www.tortai-tech.com/upload/download/2011102023233369053.pdf), generated with kicad-footprint-generator")
    (tags "capacitor handsolder")
    (path /5F75D02A)
    (attr smd)
    (fp_text reference C10 (at 0 -1.43 90) (layer F.SilkS)
      (effects (font (size 1 1) (thickness 0.15)))
    )
    (fp_text value 33PF (at 0 1.43 90) (layer F.Fab)
      (effects (font (size 1 1) (thickness 0.15)))
    )
    (fp_text user %R (at 0 0 90) (layer F.Fab)
      (effects (font (size 0.4 0.4) (thickness 0.06)))
    )
    (fp_line (start 1.65 0.73) (end -1.65 0.73) (layer F.CrtYd) (width 0.05))
    (fp_line (start 1.65 -0.73) (end 1.65 0.73) (layer F.CrtYd) (width 0.05))
    (fp_line (start -1.65 -0.73) (end 1.65 -0.73) (layer F.CrtYd) (width 0.05))
    (fp_line (start -1.65 0.73) (end -1.65 -0.73) (layer F.CrtYd) (width 0.05))
    (fp_line (start -0.171267 0.51) (end 0.171267 0.51) (layer F.SilkS) (width 0.12))
    (fp_line (start -0.171267 -0.51) (end 0.171267 -0.51) (layer F.SilkS) (width 0.12))
    (fp_line (start 0.8 0.4) (end -0.8 0.4) (layer F.Fab) (width 0.1))
    (fp_line (start 0.8 -0.4) (end 0.8 0.4) (layer F.Fab) (width 0.1))
    (fp_line (start -0.8 -0.4) (end 0.8 -0.4) (layer F.Fab) (width 0.1))
    (fp_line (start -0.8 0.4) (end -0.8 -0.4) (layer F.Fab) (width 0.1))
    (pad 2 smd roundrect (at 0.875 0 90) (size 1.05 0.95) (layers F.Cu F.Paste F.Mask) (roundrect_rratio 0.25)
      (net 1 GND))
    (pad 1 smd roundrect (at -0.875 0 90) (size 1.05 0.95) (layers F.Cu F.Paste F.Mask) (roundrect_rratio 0.25)
      (net 4 "Net-(C10-Pad1)"))
    (model ${KISYS3DMOD}/Capacitor_SMD.3dshapes/C_0603_1608Metric.wrl
      (at (xyz 0 0 0))
      (scale (xyz 1 1 1))
      (rotate (xyz 0 0 0))
    )
  )

  (module Resistor_SMD:R_0603_1608Metric_Pad1.05x0.95mm_HandSolder (layer F.Cu) (tedit 5B301BBD) (tstamp 5F845629)
    (at 65.375 85.25)
    (descr "Resistor SMD 0603 (1608 Metric), square (rectangular) end terminal, IPC_7351 nominal with elongated pad for handsoldering. (Body size source: http://www.tortai-tech.com/upload/download/2011102023233369053.pdf), generated with kicad-footprint-generator")
    (tags "resistor handsolder")
    (path /5F8EFD7B/5F886303)
    (attr smd)
    (fp_text reference R57 (at 3 0) (layer F.SilkS)
      (effects (font (size 1 1) (thickness 0.15)))
    )
    (fp_text value 10K (at 0 1.43) (layer F.Fab)
      (effects (font (size 1 1) (thickness 0.15)))
    )
    (fp_text user %R (at 0 0) (layer F.Fab)
      (effects (font (size 0.4 0.4) (thickness 0.06)))
    )
    (fp_line (start 1.65 0.73) (end -1.65 0.73) (layer F.CrtYd) (width 0.05))
    (fp_line (start 1.65 -0.73) (end 1.65 0.73) (layer F.CrtYd) (width 0.05))
    (fp_line (start -1.65 -0.73) (end 1.65 -0.73) (layer F.CrtYd) (width 0.05))
    (fp_line (start -1.65 0.73) (end -1.65 -0.73) (layer F.CrtYd) (width 0.05))
    (fp_line (start -0.171267 0.51) (end 0.171267 0.51) (layer F.SilkS) (width 0.12))
    (fp_line (start -0.171267 -0.51) (end 0.171267 -0.51) (layer F.SilkS) (width 0.12))
    (fp_line (start 0.8 0.4) (end -0.8 0.4) (layer F.Fab) (width 0.1))
    (fp_line (start 0.8 -0.4) (end 0.8 0.4) (layer F.Fab) (width 0.1))
    (fp_line (start -0.8 -0.4) (end 0.8 -0.4) (layer F.Fab) (width 0.1))
    (fp_line (start -0.8 0.4) (end -0.8 -0.4) (layer F.Fab) (width 0.1))
    (pad 2 smd roundrect (at 0.875 0) (size 1.05 0.95) (layers F.Cu F.Paste F.Mask) (roundrect_rratio 0.25)
      (net 70 /IN_3))
    (pad 1 smd roundrect (at -0.875 0) (size 1.05 0.95) (layers F.Cu F.Paste F.Mask) (roundrect_rratio 0.25)
      (net 2 +3V3))
    (model ${KISYS3DMOD}/Resistor_SMD.3dshapes/R_0603_1608Metric.wrl
      (at (xyz 0 0 0))
      (scale (xyz 1 1 1))
      (rotate (xyz 0 0 0))
    )
  )

  (module Package_TO_SOT_SMD:SOT-23-6 (layer F.Cu) (tedit 5A02FF57) (tstamp 5F848915)
    (at 95.75 30.5 270)
    (descr "6-pin SOT-23 package")
    (tags SOT-23-6)
    (path /5F87B333)
    (attr smd)
    (fp_text reference U15 (at -2.6 -0.12 180) (layer F.SilkS)
      (effects (font (size 1 1) (thickness 0.15)))
    )
    (fp_text value USBLC6-2SC6 (at 0 2.9 270) (layer F.Fab)
      (effects (font (size 1 1) (thickness 0.15)))
    )
    (fp_line (start 0.9 -1.55) (end 0.9 1.55) (layer F.Fab) (width 0.1))
    (fp_line (start 0.9 1.55) (end -0.9 1.55) (layer F.Fab) (width 0.1))
    (fp_line (start -0.9 -0.9) (end -0.9 1.55) (layer F.Fab) (width 0.1))
    (fp_line (start 0.9 -1.55) (end -0.25 -1.55) (layer F.Fab) (width 0.1))
    (fp_line (start -0.9 -0.9) (end -0.25 -1.55) (layer F.Fab) (width 0.1))
    (fp_line (start -1.9 -1.8) (end -1.9 1.8) (layer F.CrtYd) (width 0.05))
    (fp_line (start -1.9 1.8) (end 1.9 1.8) (layer F.CrtYd) (width 0.05))
    (fp_line (start 1.9 1.8) (end 1.9 -1.8) (layer F.CrtYd) (width 0.05))
    (fp_line (start 1.9 -1.8) (end -1.9 -1.8) (layer F.CrtYd) (width 0.05))
    (fp_line (start 0.9 -1.61) (end -1.55 -1.61) (layer F.SilkS) (width 0.12))
    (fp_line (start -0.9 1.61) (end 0.9 1.61) (layer F.SilkS) (width 0.12))
    (fp_text user %R (at 0 0) (layer F.Fab)
      (effects (font (size 0.5 0.5) (thickness 0.075)))
    )
    (pad 5 smd rect (at 1.1 0 270) (size 1.06 0.65) (layers F.Cu F.Paste F.Mask)
      (net 108 VBUS))
    (pad 6 smd rect (at 1.1 -0.95 270) (size 1.06 0.65) (layers F.Cu F.Paste F.Mask)
      (net 109 /USB_CONN_DM))
    (pad 4 smd rect (at 1.1 0.95 270) (size 1.06 0.65) (layers F.Cu F.Paste F.Mask)
      (net 113 /USB_N))
    (pad 3 smd rect (at -1.1 0.95 270) (size 1.06 0.65) (layers F.Cu F.Paste F.Mask)
      (net 114 /USB_P))
    (pad 2 smd rect (at -1.1 0 270) (size 1.06 0.65) (layers F.Cu F.Paste F.Mask)
      (net 1 GND))
    (pad 1 smd rect (at -1.1 -0.95 270) (size 1.06 0.65) (layers F.Cu F.Paste F.Mask)
      (net 110 /USB_CONN_DP))
    (model ${KISYS3DMOD}/Package_TO_SOT_SMD.3dshapes/SOT-23-6.wrl
      (at (xyz 0 0 0))
      (scale (xyz 1 1 1))
      (rotate (xyz 0 0 0))
    )
  )

  (module Resistor_SMD:R_0603_1608Metric_Pad1.05x0.95mm_HandSolder (layer F.Cu) (tedit 5B301BBD) (tstamp 5F84859F)
    (at 63 45 90)
    (descr "Resistor SMD 0603 (1608 Metric), square (rectangular) end terminal, IPC_7351 nominal with elongated pad for handsoldering. (Body size source: http://www.tortai-tech.com/upload/download/2011102023233369053.pdf), generated with kicad-footprint-generator")
    (tags "resistor handsolder")
    (path /5F85D3DD)
    (attr smd)
    (fp_text reference R61 (at 0 -1.43 90) (layer F.SilkS)
      (effects (font (size 1 1) (thickness 0.15)))
    )
    (fp_text value 10K (at 0 1.43 -90) (layer F.Fab)
      (effects (font (size 1 1) (thickness 0.15)))
    )
    (fp_text user %R (at 0 0 -90) (layer F.Fab)
      (effects (font (size 0.4 0.4) (thickness 0.06)))
    )
    (fp_line (start 1.65 0.73) (end -1.65 0.73) (layer F.CrtYd) (width 0.05))
    (fp_line (start 1.65 -0.73) (end 1.65 0.73) (layer F.CrtYd) (width 0.05))
    (fp_line (start -1.65 -0.73) (end 1.65 -0.73) (layer F.CrtYd) (width 0.05))
    (fp_line (start -1.65 0.73) (end -1.65 -0.73) (layer F.CrtYd) (width 0.05))
    (fp_line (start -0.171267 0.51) (end 0.171267 0.51) (layer F.SilkS) (width 0.12))
    (fp_line (start -0.171267 -0.51) (end 0.171267 -0.51) (layer F.SilkS) (width 0.12))
    (fp_line (start 0.8 0.4) (end -0.8 0.4) (layer F.Fab) (width 0.1))
    (fp_line (start 0.8 -0.4) (end 0.8 0.4) (layer F.Fab) (width 0.1))
    (fp_line (start -0.8 -0.4) (end 0.8 -0.4) (layer F.Fab) (width 0.1))
    (fp_line (start -0.8 0.4) (end -0.8 -0.4) (layer F.Fab) (width 0.1))
    (pad 2 smd roundrect (at 0.875 0 90) (size 1.05 0.95) (layers F.Cu F.Paste F.Mask) (roundrect_rratio 0.25)
      (net 1 GND))
    (pad 1 smd roundrect (at -0.875 0 90) (size 1.05 0.95) (layers F.Cu F.Paste F.Mask) (roundrect_rratio 0.25)
      (net 21 /USART2_DE))
    (model ${KISYS3DMOD}/Resistor_SMD.3dshapes/R_0603_1608Metric.wrl
      (at (xyz 0 0 0))
      (scale (xyz 1 1 1))
      (rotate (xyz 0 0 0))
    )
  )

  (module Capacitor_SMD:C_0603_1608Metric_Pad1.05x0.95mm_HandSolder (layer F.Cu) (tedit 5B301BBE) (tstamp 5F92E7B6)
    (at 61.2 39.4 270)
    (descr "Capacitor SMD 0603 (1608 Metric), square (rectangular) end terminal, IPC_7351 nominal with elongated pad for handsoldering. (Body size source: http://www.tortai-tech.com/upload/download/2011102023233369053.pdf), generated with kicad-footprint-generator")
    (tags "capacitor handsolder")
    (path /5F75E1A4)
    (attr smd)
    (fp_text reference C1 (at 0.125 -1.5 270) (layer F.SilkS)
      (effects (font (size 1 1) (thickness 0.15)))
    )
    (fp_text value 4_7UF (at 0 1.43 270) (layer F.Fab)
      (effects (font (size 1 1) (thickness 0.15)))
    )
    (fp_text user %R (at 0 0 270) (layer F.Fab)
      (effects (font (size 0.4 0.4) (thickness 0.06)))
    )
    (fp_line (start 1.65 0.73) (end -1.65 0.73) (layer F.CrtYd) (width 0.05))
    (fp_line (start 1.65 -0.73) (end 1.65 0.73) (layer F.CrtYd) (width 0.05))
    (fp_line (start -1.65 -0.73) (end 1.65 -0.73) (layer F.CrtYd) (width 0.05))
    (fp_line (start -1.65 0.73) (end -1.65 -0.73) (layer F.CrtYd) (width 0.05))
    (fp_line (start -0.171267 0.51) (end 0.171267 0.51) (layer F.SilkS) (width 0.12))
    (fp_line (start -0.171267 -0.51) (end 0.171267 -0.51) (layer F.SilkS) (width 0.12))
    (fp_line (start 0.8 0.4) (end -0.8 0.4) (layer F.Fab) (width 0.1))
    (fp_line (start 0.8 -0.4) (end 0.8 0.4) (layer F.Fab) (width 0.1))
    (fp_line (start -0.8 -0.4) (end 0.8 -0.4) (layer F.Fab) (width 0.1))
    (fp_line (start -0.8 0.4) (end -0.8 -0.4) (layer F.Fab) (width 0.1))
    (pad 2 smd roundrect (at 0.875 0 270) (size 1.05 0.95) (layers F.Cu F.Paste F.Mask) (roundrect_rratio 0.25)
      (net 1 GND))
    (pad 1 smd roundrect (at -0.875 0 270) (size 1.05 0.95) (layers F.Cu F.Paste F.Mask) (roundrect_rratio 0.25)
      (net 2 +3V3))
    (model ${KISYS3DMOD}/Capacitor_SMD.3dshapes/C_0603_1608Metric.wrl
      (at (xyz 0 0 0))
      (scale (xyz 1 1 1))
      (rotate (xyz 0 0 0))
    )
  )

  (module Capacitor_SMD:C_0603_1608Metric_Pad1.05x0.95mm_HandSolder (layer F.Cu) (tedit 5B301BBE) (tstamp 5F92E978)
    (at 77.3 23.6 90)
    (descr "Capacitor SMD 0603 (1608 Metric), square (rectangular) end terminal, IPC_7351 nominal with elongated pad for handsoldering. (Body size source: http://www.tortai-tech.com/upload/download/2011102023233369053.pdf), generated with kicad-footprint-generator")
    (tags "capacitor handsolder")
    (path /5F75E00E)
    (attr smd)
    (fp_text reference C2 (at 0 -1.43 90) (layer F.SilkS)
      (effects (font (size 1 1) (thickness 0.15)))
    )
    (fp_text value 100NF (at 0 1.43 90) (layer F.Fab)
      (effects (font (size 1 1) (thickness 0.15)))
    )
    (fp_line (start -0.8 0.4) (end -0.8 -0.4) (layer F.Fab) (width 0.1))
    (fp_line (start -0.8 -0.4) (end 0.8 -0.4) (layer F.Fab) (width 0.1))
    (fp_line (start 0.8 -0.4) (end 0.8 0.4) (layer F.Fab) (width 0.1))
    (fp_line (start 0.8 0.4) (end -0.8 0.4) (layer F.Fab) (width 0.1))
    (fp_line (start -0.171267 -0.51) (end 0.171267 -0.51) (layer F.SilkS) (width 0.12))
    (fp_line (start -0.171267 0.51) (end 0.171267 0.51) (layer F.SilkS) (width 0.12))
    (fp_line (start -1.65 0.73) (end -1.65 -0.73) (layer F.CrtYd) (width 0.05))
    (fp_line (start -1.65 -0.73) (end 1.65 -0.73) (layer F.CrtYd) (width 0.05))
    (fp_line (start 1.65 -0.73) (end 1.65 0.73) (layer F.CrtYd) (width 0.05))
    (fp_line (start 1.65 0.73) (end -1.65 0.73) (layer F.CrtYd) (width 0.05))
    (fp_text user %R (at 0 0 90) (layer F.Fab)
      (effects (font (size 0.4 0.4) (thickness 0.06)))
    )
    (pad 1 smd roundrect (at -0.875 0 90) (size 1.05 0.95) (layers F.Cu F.Paste F.Mask) (roundrect_rratio 0.25)
      (net 2 +3V3))
    (pad 2 smd roundrect (at 0.875 0 90) (size 1.05 0.95) (layers F.Cu F.Paste F.Mask) (roundrect_rratio 0.25)
      (net 1 GND))
    (model ${KISYS3DMOD}/Capacitor_SMD.3dshapes/C_0603_1608Metric.wrl
      (at (xyz 0 0 0))
      (scale (xyz 1 1 1))
      (rotate (xyz 0 0 0))
    )
  )

  (module Capacitor_SMD:C_0603_1608Metric_Pad1.05x0.95mm_HandSolder (layer F.Cu) (tedit 5B301BBE) (tstamp 5F92E816)
    (at 71.2 28.5 180)
    (descr "Capacitor SMD 0603 (1608 Metric), square (rectangular) end terminal, IPC_7351 nominal with elongated pad for handsoldering. (Body size source: http://www.tortai-tech.com/upload/download/2011102023233369053.pdf), generated with kicad-footprint-generator")
    (tags "capacitor handsolder")
    (path /5F75E0D6)
    (attr smd)
    (fp_text reference C3 (at -2.625 0 180) (layer F.SilkS)
      (effects (font (size 1 1) (thickness 0.15)))
    )
    (fp_text value 100NF (at 0 1.43 180) (layer F.Fab)
      (effects (font (size 1 1) (thickness 0.15)))
    )
    (fp_text user %R (at 0 0 180) (layer F.Fab)
      (effects (font (size 0.4 0.4) (thickness 0.06)))
    )
    (fp_line (start 1.65 0.73) (end -1.65 0.73) (layer F.CrtYd) (width 0.05))
    (fp_line (start 1.65 -0.73) (end 1.65 0.73) (layer F.CrtYd) (width 0.05))
    (fp_line (start -1.65 -0.73) (end 1.65 -0.73) (layer F.CrtYd) (width 0.05))
    (fp_line (start -1.65 0.73) (end -1.65 -0.73) (layer F.CrtYd) (width 0.05))
    (fp_line (start -0.171267 0.51) (end 0.171267 0.51) (layer F.SilkS) (width 0.12))
    (fp_line (start -0.171267 -0.51) (end 0.171267 -0.51) (layer F.SilkS) (width 0.12))
    (fp_line (start 0.8 0.4) (end -0.8 0.4) (layer F.Fab) (width 0.1))
    (fp_line (start 0.8 -0.4) (end 0.8 0.4) (layer F.Fab) (width 0.1))
    (fp_line (start -0.8 -0.4) (end 0.8 -0.4) (layer F.Fab) (width 0.1))
    (fp_line (start -0.8 0.4) (end -0.8 -0.4) (layer F.Fab) (width 0.1))
    (pad 2 smd roundrect (at 0.875 0 180) (size 1.05 0.95) (layers F.Cu F.Paste F.Mask) (roundrect_rratio 0.25)
      (net 1 GND))
    (pad 1 smd roundrect (at -0.875 0 180) (size 1.05 0.95) (layers F.Cu F.Paste F.Mask) (roundrect_rratio 0.25)
      (net 2 +3V3))
    (model ${KISYS3DMOD}/Capacitor_SMD.3dshapes/C_0603_1608Metric.wrl
      (at (xyz 0 0 0))
      (scale (xyz 1 1 1))
      (rotate (xyz 0 0 0))
    )
  )

  (module Capacitor_SMD:C_0603_1608Metric_Pad1.05x0.95mm_HandSolder (layer F.Cu) (tedit 5B301BBE) (tstamp 5F8E02B4)
    (at 77.7 40.75 90)
    (descr "Capacitor SMD 0603 (1608 Metric), square (rectangular) end terminal, IPC_7351 nominal with elongated pad for handsoldering. (Body size source: http://www.tortai-tech.com/upload/download/2011102023233369053.pdf), generated with kicad-footprint-generator")
    (tags "capacitor handsolder")
    (path /5F75E104)
    (attr smd)
    (fp_text reference C4 (at 0 -1.43 90) (layer F.SilkS)
      (effects (font (size 1 1) (thickness 0.15)))
    )
    (fp_text value 100NF (at 0 1.43 90) (layer F.Fab)
      (effects (font (size 1 1) (thickness 0.15)))
    )
    (fp_line (start -0.8 0.4) (end -0.8 -0.4) (layer F.Fab) (width 0.1))
    (fp_line (start -0.8 -0.4) (end 0.8 -0.4) (layer F.Fab) (width 0.1))
    (fp_line (start 0.8 -0.4) (end 0.8 0.4) (layer F.Fab) (width 0.1))
    (fp_line (start 0.8 0.4) (end -0.8 0.4) (layer F.Fab) (width 0.1))
    (fp_line (start -0.171267 -0.51) (end 0.171267 -0.51) (layer F.SilkS) (width 0.12))
    (fp_line (start -0.171267 0.51) (end 0.171267 0.51) (layer F.SilkS) (width 0.12))
    (fp_line (start -1.65 0.73) (end -1.65 -0.73) (layer F.CrtYd) (width 0.05))
    (fp_line (start -1.65 -0.73) (end 1.65 -0.73) (layer F.CrtYd) (width 0.05))
    (fp_line (start 1.65 -0.73) (end 1.65 0.73) (layer F.CrtYd) (width 0.05))
    (fp_line (start 1.65 0.73) (end -1.65 0.73) (layer F.CrtYd) (width 0.05))
    (fp_text user %R (at 0 0 90) (layer F.Fab)
      (effects (font (size 0.4 0.4) (thickness 0.06)))
    )
    (pad 1 smd roundrect (at -0.875 0 90) (size 1.05 0.95) (layers F.Cu F.Paste F.Mask) (roundrect_rratio 0.25)
      (net 2 +3V3))
    (pad 2 smd roundrect (at 0.875 0 90) (size 1.05 0.95) (layers F.Cu F.Paste F.Mask) (roundrect_rratio 0.25)
      (net 1 GND))
    (model ${KISYS3DMOD}/Capacitor_SMD.3dshapes/C_0603_1608Metric.wrl
      (at (xyz 0 0 0))
      (scale (xyz 1 1 1))
      (rotate (xyz 0 0 0))
    )
  )

  (module Capacitor_SMD:C_0603_1608Metric_Pad1.05x0.95mm_HandSolder (layer F.Cu) (tedit 5B301BBE) (tstamp 5F92E9A8)
    (at 85 40.625 270)
    (descr "Capacitor SMD 0603 (1608 Metric), square (rectangular) end terminal, IPC_7351 nominal with elongated pad for handsoldering. (Body size source: http://www.tortai-tech.com/upload/download/2011102023233369053.pdf), generated with kicad-footprint-generator")
    (tags "capacitor handsolder")
    (path /5F75E136)
    (attr smd)
    (fp_text reference C5 (at 0 -1.43 270) (layer F.SilkS)
      (effects (font (size 1 1) (thickness 0.15)))
    )
    (fp_text value 100NF (at 0 1.43 270) (layer F.Fab)
      (effects (font (size 1 1) (thickness 0.15)))
    )
    (fp_text user %R (at 0 0 270) (layer F.Fab)
      (effects (font (size 0.4 0.4) (thickness 0.06)))
    )
    (fp_line (start 1.65 0.73) (end -1.65 0.73) (layer F.CrtYd) (width 0.05))
    (fp_line (start 1.65 -0.73) (end 1.65 0.73) (layer F.CrtYd) (width 0.05))
    (fp_line (start -1.65 -0.73) (end 1.65 -0.73) (layer F.CrtYd) (width 0.05))
    (fp_line (start -1.65 0.73) (end -1.65 -0.73) (layer F.CrtYd) (width 0.05))
    (fp_line (start -0.171267 0.51) (end 0.171267 0.51) (layer F.SilkS) (width 0.12))
    (fp_line (start -0.171267 -0.51) (end 0.171267 -0.51) (layer F.SilkS) (width 0.12))
    (fp_line (start 0.8 0.4) (end -0.8 0.4) (layer F.Fab) (width 0.1))
    (fp_line (start 0.8 -0.4) (end 0.8 0.4) (layer F.Fab) (width 0.1))
    (fp_line (start -0.8 -0.4) (end 0.8 -0.4) (layer F.Fab) (width 0.1))
    (fp_line (start -0.8 0.4) (end -0.8 -0.4) (layer F.Fab) (width 0.1))
    (pad 2 smd roundrect (at 0.875 0 270) (size 1.05 0.95) (layers F.Cu F.Paste F.Mask) (roundrect_rratio 0.25)
      (net 1 GND))
    (pad 1 smd roundrect (at -0.875 0 270) (size 1.05 0.95) (layers F.Cu F.Paste F.Mask) (roundrect_rratio 0.25)
      (net 2 +3V3))
    (model ${KISYS3DMOD}/Capacitor_SMD.3dshapes/C_0603_1608Metric.wrl
      (at (xyz 0 0 0))
      (scale (xyz 1 1 1))
      (rotate (xyz 0 0 0))
    )
  )

  (module Capacitor_SMD:C_0603_1608Metric_Pad1.05x0.95mm_HandSolder (layer F.Cu) (tedit 5B301BBE) (tstamp 5F92E726)
    (at 89.89 27.72)
    (descr "Capacitor SMD 0603 (1608 Metric), square (rectangular) end terminal, IPC_7351 nominal with elongated pad for handsoldering. (Body size source: http://www.tortai-tech.com/upload/download/2011102023233369053.pdf), generated with kicad-footprint-generator")
    (tags "capacitor handsolder")
    (path /5F75E16A)
    (attr smd)
    (fp_text reference C6 (at 2.75 0) (layer F.SilkS)
      (effects (font (size 1 1) (thickness 0.15)))
    )
    (fp_text value 100NF (at 0 1.43) (layer F.Fab)
      (effects (font (size 1 1) (thickness 0.15)))
    )
    (fp_line (start -0.8 0.4) (end -0.8 -0.4) (layer F.Fab) (width 0.1))
    (fp_line (start -0.8 -0.4) (end 0.8 -0.4) (layer F.Fab) (width 0.1))
    (fp_line (start 0.8 -0.4) (end 0.8 0.4) (layer F.Fab) (width 0.1))
    (fp_line (start 0.8 0.4) (end -0.8 0.4) (layer F.Fab) (width 0.1))
    (fp_line (start -0.171267 -0.51) (end 0.171267 -0.51) (layer F.SilkS) (width 0.12))
    (fp_line (start -0.171267 0.51) (end 0.171267 0.51) (layer F.SilkS) (width 0.12))
    (fp_line (start -1.65 0.73) (end -1.65 -0.73) (layer F.CrtYd) (width 0.05))
    (fp_line (start -1.65 -0.73) (end 1.65 -0.73) (layer F.CrtYd) (width 0.05))
    (fp_line (start 1.65 -0.73) (end 1.65 0.73) (layer F.CrtYd) (width 0.05))
    (fp_line (start 1.65 0.73) (end -1.65 0.73) (layer F.CrtYd) (width 0.05))
    (fp_text user %R (at 0 0) (layer F.Fab)
      (effects (font (size 0.4 0.4) (thickness 0.06)))
    )
    (pad 1 smd roundrect (at -0.875 0) (size 1.05 0.95) (layers F.Cu F.Paste F.Mask) (roundrect_rratio 0.25)
      (net 2 +3V3))
    (pad 2 smd roundrect (at 0.875 0) (size 1.05 0.95) (layers F.Cu F.Paste F.Mask) (roundrect_rratio 0.25)
      (net 1 GND))
    (model ${KISYS3DMOD}/Capacitor_SMD.3dshapes/C_0603_1608Metric.wrl
      (at (xyz 0 0 0))
      (scale (xyz 1 1 1))
      (rotate (xyz 0 0 0))
    )
  )

  (module Capacitor_SMD:C_0603_1608Metric_Pad1.05x0.95mm_HandSolder (layer F.Cu) (tedit 5B301BBE) (tstamp 5F92E786)
    (at 68.75 33.5 270)
    (descr "Capacitor SMD 0603 (1608 Metric), square (rectangular) end terminal, IPC_7351 nominal with elongated pad for handsoldering. (Body size source: http://www.tortai-tech.com/upload/download/2011102023233369053.pdf), generated with kicad-footprint-generator")
    (tags "capacitor handsolder")
    (path /5F75CF97)
    (attr smd)
    (fp_text reference C9 (at -0.25 1.5 270) (layer F.SilkS)
      (effects (font (size 1 1) (thickness 0.15)))
    )
    (fp_text value 33PF (at 0 1.43 270) (layer F.Fab)
      (effects (font (size 1 1) (thickness 0.15)))
    )
    (fp_line (start -0.8 0.4) (end -0.8 -0.4) (layer F.Fab) (width 0.1))
    (fp_line (start -0.8 -0.4) (end 0.8 -0.4) (layer F.Fab) (width 0.1))
    (fp_line (start 0.8 -0.4) (end 0.8 0.4) (layer F.Fab) (width 0.1))
    (fp_line (start 0.8 0.4) (end -0.8 0.4) (layer F.Fab) (width 0.1))
    (fp_line (start -0.171267 -0.51) (end 0.171267 -0.51) (layer F.SilkS) (width 0.12))
    (fp_line (start -0.171267 0.51) (end 0.171267 0.51) (layer F.SilkS) (width 0.12))
    (fp_line (start -1.65 0.73) (end -1.65 -0.73) (layer F.CrtYd) (width 0.05))
    (fp_line (start -1.65 -0.73) (end 1.65 -0.73) (layer F.CrtYd) (width 0.05))
    (fp_line (start 1.65 -0.73) (end 1.65 0.73) (layer F.CrtYd) (width 0.05))
    (fp_line (start 1.65 0.73) (end -1.65 0.73) (layer F.CrtYd) (width 0.05))
    (fp_text user %R (at 0 0 270) (layer F.Fab)
      (effects (font (size 0.4 0.4) (thickness 0.06)))
    )
    (pad 1 smd roundrect (at -0.875 0 270) (size 1.05 0.95) (layers F.Cu F.Paste F.Mask) (roundrect_rratio 0.25)
      (net 3 "Net-(C9-Pad1)"))
    (pad 2 smd roundrect (at 0.875 0 270) (size 1.05 0.95) (layers F.Cu F.Paste F.Mask) (roundrect_rratio 0.25)
      (net 1 GND))
    (model ${KISYS3DMOD}/Capacitor_SMD.3dshapes/C_0603_1608Metric.wrl
      (at (xyz 0 0 0))
      (scale (xyz 1 1 1))
      (rotate (xyz 0 0 0))
    )
  )

  (module Resistor_SMD:R_0603_1608Metric_Pad1.05x0.95mm_HandSolder (layer F.Cu) (tedit 5B301BBD) (tstamp 5F92E7E6)
    (at 70.875 31 180)
    (descr "Resistor SMD 0603 (1608 Metric), square (rectangular) end terminal, IPC_7351 nominal with elongated pad for handsoldering. (Body size source: http://www.tortai-tech.com/upload/download/2011102023233369053.pdf), generated with kicad-footprint-generator")
    (tags "resistor handsolder")
    (path /5F75CC52)
    (attr smd)
    (fp_text reference R1 (at -2.625 0 180) (layer F.SilkS)
      (effects (font (size 1 1) (thickness 0.15)))
    )
    (fp_text value 470R (at 0 1.43 180) (layer F.Fab)
      (effects (font (size 1 1) (thickness 0.15)))
    )
    (fp_line (start -0.8 0.4) (end -0.8 -0.4) (layer F.Fab) (width 0.1))
    (fp_line (start -0.8 -0.4) (end 0.8 -0.4) (layer F.Fab) (width 0.1))
    (fp_line (start 0.8 -0.4) (end 0.8 0.4) (layer F.Fab) (width 0.1))
    (fp_line (start 0.8 0.4) (end -0.8 0.4) (layer F.Fab) (width 0.1))
    (fp_line (start -0.171267 -0.51) (end 0.171267 -0.51) (layer F.SilkS) (width 0.12))
    (fp_line (start -0.171267 0.51) (end 0.171267 0.51) (layer F.SilkS) (width 0.12))
    (fp_line (start -1.65 0.73) (end -1.65 -0.73) (layer F.CrtYd) (width 0.05))
    (fp_line (start -1.65 -0.73) (end 1.65 -0.73) (layer F.CrtYd) (width 0.05))
    (fp_line (start 1.65 -0.73) (end 1.65 0.73) (layer F.CrtYd) (width 0.05))
    (fp_line (start 1.65 0.73) (end -1.65 0.73) (layer F.CrtYd) (width 0.05))
    (fp_text user %R (at 0 0 180) (layer F.Fab)
      (effects (font (size 0.4 0.4) (thickness 0.06)))
    )
    (pad 1 smd roundrect (at -0.875 0 180) (size 1.05 0.95) (layers F.Cu F.Paste F.Mask) (roundrect_rratio 0.25)
      (net 5 "Net-(R1-Pad1)"))
    (pad 2 smd roundrect (at 0.875 0 180) (size 1.05 0.95) (layers F.Cu F.Paste F.Mask) (roundrect_rratio 0.25)
      (net 3 "Net-(C9-Pad1)"))
    (model ${KISYS3DMOD}/Resistor_SMD.3dshapes/R_0603_1608Metric.wrl
      (at (xyz 0 0 0))
      (scale (xyz 1 1 1))
      (rotate (xyz 0 0 0))
    )
  )

  (module Package_QFP:LQFP-64_10x10mm_P0.5mm (layer F.Cu) (tedit 5A02F146) (tstamp 5F92E8BC)
    (at 81.225001 32.225001)
    (descr "64 LEAD LQFP 10x10mm (see MICREL LQFP10x10-64LD-PL-1.pdf)")
    (tags "QFP 0.5")
    (path /5F775C84)
    (attr smd)
    (fp_text reference U1 (at -6.475001 -5.725001) (layer F.SilkS)
      (effects (font (size 1 1) (thickness 0.15)))
    )
    (fp_text value STM32F103RBT6 (at 0 7.2) (layer F.Fab)
      (effects (font (size 1 1) (thickness 0.15)))
    )
    (fp_text user %R (at 0 0) (layer F.Fab)
      (effects (font (size 1 1) (thickness 0.15)))
    )
    (fp_line (start -4 -5) (end 5 -5) (layer F.Fab) (width 0.15))
    (fp_line (start 5 -5) (end 5 5) (layer F.Fab) (width 0.15))
    (fp_line (start 5 5) (end -5 5) (layer F.Fab) (width 0.15))
    (fp_line (start -5 5) (end -5 -4) (layer F.Fab) (width 0.15))
    (fp_line (start -5 -4) (end -4 -5) (layer F.Fab) (width 0.15))
    (fp_line (start -6.45 -6.45) (end -6.45 6.45) (layer F.CrtYd) (width 0.05))
    (fp_line (start 6.45 -6.45) (end 6.45 6.45) (layer F.CrtYd) (width 0.05))
    (fp_line (start -6.45 -6.45) (end 6.45 -6.45) (layer F.CrtYd) (width 0.05))
    (fp_line (start -6.45 6.45) (end 6.45 6.45) (layer F.CrtYd) (width 0.05))
    (fp_line (start -5.175 -5.175) (end -5.175 -4.175) (layer F.SilkS) (width 0.15))
    (fp_line (start 5.175 -5.175) (end 5.175 -4.1) (layer F.SilkS) (width 0.15))
    (fp_line (start 5.175 5.175) (end 5.175 4.1) (layer F.SilkS) (width 0.15))
    (fp_line (start -5.175 5.175) (end -5.175 4.1) (layer F.SilkS) (width 0.15))
    (fp_line (start -5.175 -5.175) (end -4.1 -5.175) (layer F.SilkS) (width 0.15))
    (fp_line (start -5.175 5.175) (end -4.1 5.175) (layer F.SilkS) (width 0.15))
    (fp_line (start 5.175 5.175) (end 4.1 5.175) (layer F.SilkS) (width 0.15))
    (fp_line (start 5.175 -5.175) (end 4.1 -5.175) (layer F.SilkS) (width 0.15))
    (fp_line (start -5.175 -4.175) (end -6.2 -4.175) (layer F.SilkS) (width 0.15))
    (pad 1 smd rect (at -5.7 -3.75) (size 1 0.25) (layers F.Cu F.Paste F.Mask)
      (net 2 +3V3))
    (pad 2 smd rect (at -5.7 -3.25) (size 1 0.25) (layers F.Cu F.Paste F.Mask)
      (net 72 /OUT_5))
    (pad 3 smd rect (at -5.7 -2.75) (size 1 0.25) (layers F.Cu F.Paste F.Mask)
      (net 73 /OUT_6))
    (pad 4 smd rect (at -5.7 -2.25) (size 1 0.25) (layers F.Cu F.Paste F.Mask)
      (net 74 /OUT_7))
    (pad 5 smd rect (at -5.7 -1.75) (size 1 0.25) (layers F.Cu F.Paste F.Mask)
      (net 4 "Net-(C10-Pad1)"))
    (pad 6 smd rect (at -5.7 -1.25) (size 1 0.25) (layers F.Cu F.Paste F.Mask)
      (net 5 "Net-(R1-Pad1)"))
    (pad 7 smd rect (at -5.7 -0.75) (size 1 0.25) (layers F.Cu F.Paste F.Mask)
      (net 15 /NRST))
    (pad 8 smd rect (at -5.7 -0.25) (size 1 0.25) (layers F.Cu F.Paste F.Mask)
      (net 75 /ADC_IN10))
    (pad 9 smd rect (at -5.7 0.25) (size 1 0.25) (layers F.Cu F.Paste F.Mask)
      (net 65 /IN_1))
    (pad 10 smd rect (at -5.7 0.75) (size 1 0.25) (layers F.Cu F.Paste F.Mask)
      (net 68 /IN_2))
    (pad 11 smd rect (at -5.7 1.25) (size 1 0.25) (layers F.Cu F.Paste F.Mask)
      (net 70 /IN_3))
    (pad 12 smd rect (at -5.7 1.75) (size 1 0.25) (layers F.Cu F.Paste F.Mask)
      (net 1 GND))
    (pad 13 smd rect (at -5.7 2.25) (size 1 0.25) (layers F.Cu F.Paste F.Mask)
      (net 14 +3.3VA))
    (pad 14 smd rect (at -5.7 2.75) (size 1 0.25) (layers F.Cu F.Paste F.Mask)
      (net 24 /ADC_IN0))
    (pad 15 smd rect (at -5.7 3.25) (size 1 0.25) (layers F.Cu F.Paste F.Mask)
      (net 25 /ADC_IN1))
    (pad 16 smd rect (at -5.7 3.75) (size 1 0.25) (layers F.Cu F.Paste F.Mask)
      (net 19 /USART2_TX))
    (pad 17 smd rect (at -3.75 5.7 90) (size 1 0.25) (layers F.Cu F.Paste F.Mask)
      (net 20 /USART2_RX))
    (pad 18 smd rect (at -3.25 5.7 90) (size 1 0.25) (layers F.Cu F.Paste F.Mask)
      (net 1 GND))
    (pad 19 smd rect (at -2.75 5.7 90) (size 1 0.25) (layers F.Cu F.Paste F.Mask)
      (net 2 +3V3))
    (pad 20 smd rect (at -2.25 5.7 90) (size 1 0.25) (layers F.Cu F.Paste F.Mask)
      (net 21 /USART2_DE))
    (pad 21 smd rect (at -1.75 5.7 90) (size 1 0.25) (layers F.Cu F.Paste F.Mask)
      (net 26 /ADC_IN5))
    (pad 22 smd rect (at -1.25 5.7 90) (size 1 0.25) (layers F.Cu F.Paste F.Mask)
      (net 27 /ADC_IN6))
    (pad 23 smd rect (at -0.75 5.7 90) (size 1 0.25) (layers F.Cu F.Paste F.Mask)
      (net 28 /ADC_IN7))
    (pad 24 smd rect (at -0.25 5.7 90) (size 1 0.25) (layers F.Cu F.Paste F.Mask)
      (net 64 /IN_4))
    (pad 25 smd rect (at 0.25 5.7 90) (size 1 0.25) (layers F.Cu F.Paste F.Mask)
      (net 66 /IN_5))
    (pad 26 smd rect (at 0.75 5.7 90) (size 1 0.25) (layers F.Cu F.Paste F.Mask)
      (net 29 /ADC_IN8))
    (pad 27 smd rect (at 1.25 5.7 90) (size 1 0.25) (layers F.Cu F.Paste F.Mask)
      (net 30 /ADC_IN9))
    (pad 28 smd rect (at 1.75 5.7 90) (size 1 0.25) (layers F.Cu F.Paste F.Mask)
      (net 115 "Net-(U1-Pad28)"))
